var plateContours = [
{
  "type" : "Feature",
  "properties" : {
    "name" : "20 m Contour",
    "style" : {
      "color" : "yellow",
      "weight" : 2,
      "opacity" : 0.6
    }
  },
  "geometry" : {
    "type" : "LineString",
    "coordinates" : [
      [40.050, -123.739],
      [40.100, -123.741],
      [40.150, -123.745],
      [40.176, -123.750],
      [40.200, -123.756],
      [40.250, -123.771],
      [40.300, -123.786],
      [40.349, -123.800],
      [40.350, -123.800],
      [40.400, -123.813],
      [40.450, -123.821],
      [40.500, -123.825],
      [40.550, -123.825],
      [40.600, -123.823],
      [40.650, -123.821],
      [40.700, -123.819],
      [40.750, -123.819],
      [40.800, -123.820],
      [40.850, -123.821],
      [40.900, -123.823],
      [40.950, -123.825],
      [41.000, -123.829],
      [41.050, -123.835],
      [41.100, -123.843],
      [41.137, -123.850],
      [41.150, -123.853],
      [41.200, -123.866],
      [41.250, -123.881],
      [41.300, -123.898],
      [41.305, -123.900],
      [41.350, -123.917],
      [41.400, -123.935],
      [41.447, -123.950],
      [41.450, -123.951],
      [41.500, -123.963],
      [41.550, -123.970],
      [41.600, -123.973],
      [41.650, -123.974],
      [41.700, -123.971],
      [41.750, -123.967],
      [41.800, -123.960],
      [41.850, -123.954],
      [41.900, -123.953],
      [41.950, -123.954],
      [42.000, -123.957],
      [42.050, -123.960],
      [42.100, -123.965],
      [42.150, -123.971],
      [42.200, -123.980],
      [42.250, -123.991],
      [42.282, -124.000],
      [42.300, -124.005],
      [42.350, -124.022],
      [42.400, -124.040],
      [42.424, -124.050],
      [42.450, -124.061],
      [42.500, -124.084],
      [42.535, -124.100],
      [42.550, -124.107],
      [42.600, -124.131],
      [42.640, -124.150],
      [42.650, -124.155],
      [42.700, -124.177],
      [42.750, -124.197],
      [42.758, -124.200],
      [42.800, -124.215],
      [42.850, -124.228],
      [42.900, -124.238],
      [42.950, -124.244],
      [43.000, -124.247],
      [43.050, -124.247],
      [43.100, -124.245],
      [43.150, -124.242],
      [43.200, -124.238],
      [43.250, -124.232],
      [43.300, -124.226],
      [43.350, -124.220],
      [43.400, -124.214],
      [43.450, -124.208],
      [43.500, -124.203],
      [43.537, -124.200],
      [43.550, -124.199],
      [43.600, -124.197],
      [43.650, -124.196],
      [43.700, -124.199],
      [43.708, -124.200],
      [43.750, -124.206],
      [43.800, -124.216],
      [43.850, -124.230],
      [43.900, -124.245],
      [43.916, -124.250],
      [43.950, -124.260],
      [44.000, -124.275],
      [44.050, -124.289],
      [44.092, -124.300],
      [44.100, -124.302],
      [44.150, -124.312],
      [44.200, -124.320],
      [44.250, -124.325],
      [44.300, -124.326],
      [44.350, -124.324],
      [44.400, -124.317],
      [44.450, -124.305],
      [44.465, -124.300],
      [44.500, -124.287],
      [44.550, -124.262],
      [44.571, -124.250],
      [44.600, -124.230],
      [44.638, -124.200],
      [44.650, -124.189],
      [44.694, -124.150],
      [44.700, -124.144],
      [44.750, -124.107],
      [44.767, -124.100],
      [44.800, -124.089],
      [44.850, -124.083],
      [44.900, -124.082],
      [44.950, -124.085],
      [45.000, -124.089],
      [45.050, -124.094],
      [45.100, -124.098],
      [45.124, -124.100],
      [45.150, -124.102],
      [45.200, -124.105],
      [45.250, -124.107],
      [45.300, -124.108],
      [45.350, -124.108],
      [45.400, -124.107],
      [45.450, -124.106],
      [45.500, -124.104],
      [45.550, -124.101],
      [45.582, -124.100],
      [45.600, -124.099],
      [45.650, -124.097],
      [45.700, -124.095],
      [45.750, -124.094],
      [45.800, -124.093],
      [45.850, -124.093],
      [45.900, -124.094],
      [45.950, -124.097],
      [46.000, -124.100],
      [46.002, -124.100],
      [46.050, -124.104],
      [46.100, -124.108],
      [46.150, -124.112],
      [46.200, -124.116],
      [46.250, -124.118],
      [46.300, -124.121],
      [46.350, -124.122],
      [46.400, -124.123],
      [46.450, -124.125],
      [46.500, -124.126],
      [46.550, -124.129],
      [46.600, -124.133],
      [46.650, -124.137],
      [46.700, -124.142],
      [46.750, -124.147],
      [46.777, -124.150],
      [46.800, -124.152],
      [46.850, -124.156],
      [46.900, -124.160],
      [46.950, -124.161],
      [47.000, -124.161],
      [47.050, -124.159],
      [47.100, -124.154],
      [47.128, -124.150],
      [47.150, -124.147],
      [47.200, -124.137],
      [47.250, -124.124],
      [47.300, -124.109],
      [47.328, -124.100],
      [47.350, -124.093],
      [47.400, -124.077],
      [47.450, -124.063],
      [47.500, -124.052],
      [47.517, -124.050],
      [47.550, -124.046],
      [47.600, -124.041],
      [47.650, -124.039],
      [47.700, -124.038],
      [47.750, -124.038],
      [47.800, -124.039],
      [47.850, -124.041],
      [47.900, -124.044],
      [47.946, -124.050],
      [47.950, -124.051],
      [48.000, -124.061],
      [48.050, -124.076],
      [48.100, -124.096],
      [48.107, -124.100],
      [48.150, -124.124],
      [48.189, -124.150],
      [48.200, -124.157],
      [48.250, -124.197],
      [48.253, -124.200],
      [48.300, -124.242],
      [48.307, -124.250],
      [48.350, -124.291],
      [48.358, -124.300],
      [48.400, -124.346],
      [48.403, -124.350],
      [48.439, -124.400],
      [48.450, -124.416],
      [48.468, -124.450],
      [48.492, -124.500],
      [48.500, -124.520],
      [48.510, -124.550],
      [48.526, -124.600],
      [48.542, -124.650],
      [48.550, -124.676],
      [48.556, -124.700],
      [48.566, -124.750],
      [48.568, -124.800],
      [48.566, -124.850],
      [48.563, -124.900],
      [48.562, -124.950],
      [48.562, -125.000],
      [48.565, -125.050],
      [48.571, -125.100],
      [48.580, -125.150],
      [48.595, -125.200],
      [48.600, -125.214],
      [48.613, -125.250],
      [48.636, -125.300],
      [48.650, -125.325],
      [48.665, -125.350],
      [48.697, -125.400],
      [48.700, -125.404],
      [48.732, -125.450],
      [48.750, -125.477],
      [48.766, -125.500],
      [48.794, -125.550],
      [48.800, -125.564],
      [48.814, -125.600],
      [48.826, -125.650],
      [48.834, -125.700],
      [48.839, -125.750],
      [48.843, -125.800],
      [48.846, -125.850],
      [48.849, -125.900],
      [48.850, -125.912],
      [48.853, -125.950],
      [48.857, -126.000],
      [48.863, -126.050],
      [48.870, -126.100],
      [48.877, -126.150],
      [48.887, -126.200],
      [48.897, -126.250],
      [48.900, -126.261],
      [48.909, -126.300],
      [48.923, -126.350],
      [48.938, -126.400],
      [48.950, -126.436],
      [48.955, -126.450],
      [48.973, -126.500],
      [48.993, -126.550],
      [49.000, -126.567],
      [49.014, -126.600],
      [49.038, -126.650],
      [49.050, -126.674],
      [49.064, -126.700],
      [49.091, -126.750],
      [49.100, -126.765],
      [49.121, -126.800],
      [49.150, -126.845],
      [49.153, -126.850],
      [49.188, -126.900],
      [49.200, -126.916],
      [49.226, -126.950],
      [49.250, -126.979],
      [49.267, -127.000],
      [49.300, -127.037],
      [49.312, -127.050],
      [49.350, -127.088],
      [49.362, -127.100],
      [49.400, -127.135],
      [49.417, -127.150],
      [49.450, -127.178],
      [49.478, -127.200],
      [49.500, -127.217],
      [49.546, -127.250],
      [49.550, -127.253],
      [49.600, -127.286],
      [49.622, -127.300],
      [49.650, -127.318],
      [49.700, -127.350],
      [49.701, -127.350],
      [49.750, -127.381],
      [49.779, -127.400],
      [49.800, -127.414],
      [49.850, -127.450],
      [49.850, -127.450],
      [49.900, -127.487],
      [49.917, -127.500],
      [49.950, -127.526],
      [49.979, -127.550],
      [50.000, -127.567],
      [50.038, -127.600],
      [50.050, -127.611],
      [50.092, -127.650],
      [50.100, -127.657],
      [50.143, -127.700],
      [50.150, -127.707],
      [50.190, -127.750],
      [50.200, -127.761]
    ]
  }
},
{
  "type" : "Feature",
  "properties" : {
    "name" : "30 m Contour",
    "style" : {
      "color" : "yellow",
      "weight" : 2,
      "opacity" : 0.48
    }
  },
  "geometry" : {
    "type" : "LineString",
    "coordinates" : [
      [39.850, -123.218],
      [39.900, -123.219],
      [39.950, -123.221],
      [40.000, -123.224],
      [40.050, -123.227],
      [40.100, -123.231],
      [40.150, -123.236],
      [40.200, -123.241],
      [40.250, -123.248],
      [40.267, -123.250],
      [40.300, -123.255],
      [40.350, -123.262],
      [40.400, -123.270],
      [40.450, -123.279],
      [40.500, -123.287],
      [40.550, -123.296],
      [40.575, -123.300],
      [40.600, -123.304],
      [40.650, -123.312],
      [40.700, -123.318],
      [40.750, -123.324],
      [40.800, -123.329],
      [40.850, -123.334],
      [40.900, -123.338],
      [40.950, -123.342],
      [41.000, -123.345],
      [41.050, -123.349],
      [41.070, -123.350],
      [41.100, -123.352],
      [41.150, -123.355],
      [41.200, -123.359],
      [41.250, -123.363],
      [41.300, -123.367],
      [41.350, -123.371],
      [41.400, -123.376],
      [41.450, -123.381],
      [41.500, -123.385],
      [41.550, -123.390],
      [41.600, -123.395],
      [41.647, -123.400],
      [41.650, -123.400],
      [41.700, -123.406],
      [41.750, -123.412],
      [41.800, -123.419],
      [41.850, -123.427],
      [41.900, -123.437],
      [41.950, -123.447],
      [41.963, -123.450],
      [42.000, -123.458],
      [42.050, -123.471],
      [42.100, -123.485],
      [42.149, -123.500],
      [42.150, -123.500],
      [42.200, -123.516],
      [42.250, -123.532],
      [42.300, -123.548],
      [42.305, -123.550],
      [42.350, -123.565],
      [42.400, -123.583],
      [42.444, -123.600],
      [42.450, -123.602],
      [42.500, -123.621],
      [42.550, -123.640],
      [42.578, -123.650],
      [42.600, -123.658],
      [42.650, -123.675],
      [42.700, -123.690],
      [42.737, -123.700],
      [42.750, -123.704],
      [42.800, -123.715],
      [42.850, -123.724],
      [42.900, -123.730],
      [42.950, -123.734],
      [43.000, -123.736],
      [43.050, -123.735],
      [43.100, -123.733],
      [43.150, -123.729],
      [43.200, -123.723],
      [43.250, -123.717],
      [43.300, -123.710],
      [43.350, -123.704],
      [43.387, -123.700],
      [43.400, -123.699],
      [43.450, -123.695],
      [43.500, -123.692],
      [43.550, -123.691],
      [43.600, -123.690],
      [43.650, -123.690],
      [43.700, -123.689],
      [43.750, -123.689],
      [43.800, -123.688],
      [43.850, -123.686],
      [43.900, -123.683],
      [43.950, -123.677],
      [44.000, -123.669],
      [44.050, -123.658],
      [44.079, -123.650],
      [44.100, -123.645],
      [44.150, -123.632],
      [44.200, -123.621],
      [44.250, -123.613],
      [44.300, -123.609],
      [44.350, -123.611],
      [44.400, -123.618],
      [44.450, -123.620],
      [44.500, -123.626],
      [44.550, -123.633],
      [44.600, -123.639],
      [44.650, -123.642],
      [44.700, -123.642],
      [44.750, -123.641],
      [44.800, -123.639],
      [44.850, -123.637],
      [44.900, -123.636],
      [44.950, -123.634],
      [45.000, -123.631],
      [45.050, -123.628],
      [45.100, -123.624],
      [45.150, -123.619],
      [45.200, -123.612],
      [45.250, -123.602],
      [45.259, -123.600],
      [45.300, -123.590],
      [45.350, -123.577],
      [45.400, -123.562],
      [45.439, -123.550],
      [45.450, -123.547],
      [45.500, -123.530],
      [45.550, -123.512],
      [45.583, -123.500],
      [45.600, -123.494],
      [45.650, -123.475],
      [45.700, -123.455],
      [45.713, -123.450],
      [45.750, -123.435],
      [45.800, -123.416],
      [45.841, -123.400],
      [45.850, -123.396],
      [45.900, -123.378],
      [45.950, -123.360],
      [45.978, -123.350],
      [46.000, -123.342],
      [46.050, -123.326],
      [46.100, -123.310],
      [46.130, -123.300],
      [46.150, -123.294],
      [46.200, -123.278],
      [46.250, -123.264],
      [46.300, -123.250],
      [46.300, -123.250],
      [46.350, -123.237],
      [46.400, -123.226],
      [46.450, -123.217],
      [46.500, -123.209],
      [46.550, -123.202],
      [46.576, -123.200],
      [46.600, -123.198],
      [46.650, -123.195],
      [46.700, -123.194],
      [46.750, -123.193],
      [46.800, -123.193],
      [46.850, -123.194],
      [46.900, -123.194],
      [46.950, -123.193],
      [47.000, -123.191],
      [47.050, -123.188],
      [47.100, -123.183],
      [47.150, -123.177],
      [47.200, -123.170],
      [47.250, -123.163],
      [47.300, -123.157],
      [47.350, -123.151],
      [47.370, -123.150],
      [47.400, -123.148],
      [47.450, -123.150],
      [47.450, -123.150],
      [47.500, -123.165],
      [47.550, -123.185],
      [47.582, -123.200],
      [47.600, -123.209],
      [47.650, -123.237],
      [47.670, -123.250],
      [47.700, -123.268],
      [47.747, -123.300],
      [47.750, -123.302],
      [47.800, -123.333],
      [47.822, -123.350],
      [47.850, -123.365],
      [47.900, -123.394],
      [47.908, -123.400],
      [47.950, -123.419],
      [48.000, -123.441],
      [48.020, -123.450],
      [48.050, -123.460],
      [48.100, -123.485],
      [48.143, -123.500],
      [48.150, -123.504],
      [48.200, -123.520],
      [48.250, -123.534],
      [48.297, -123.550],
      [48.300, -123.551],
      [48.350, -123.574],
      [48.398, -123.600],
      [48.400, -123.601],
      [48.450, -123.631],
      [48.481, -123.650],
      [48.500, -123.663],
      [48.550, -123.700],
      [48.550, -123.700],
      [48.580, -123.750],
      [48.600, -123.774],
      [48.615, -123.800],
      [48.639, -123.850],
      [48.650, -123.873],
      [48.664, -123.900],
      [48.683, -123.950],
      [48.695, -124.000],
      [48.700, -124.036],
      [48.702, -124.050],
      [48.711, -124.100],
      [48.728, -124.150],
      [48.747, -124.200],
      [48.750, -124.207],
      [48.766, -124.250],
      [48.781, -124.300],
      [48.795, -124.350],
      [48.800, -124.372],
      [48.806, -124.400],
      [48.816, -124.450],
      [48.824, -124.500],
      [48.832, -124.550],
      [48.839, -124.600],
      [48.847, -124.650],
      [48.850, -124.663],
      [48.857, -124.700],
      [48.870, -124.750],
      [48.887, -124.800],
      [48.900, -124.836],
      [48.906, -124.850],
      [48.928, -124.900],
      [48.950, -124.948],
      [48.951, -124.950],
      [48.975, -125.000],
      [49.000, -125.050],
      [49.000, -125.050],
      [49.029, -125.100],
      [49.050, -125.132],
      [49.061, -125.150],
      [49.095, -125.200],
      [49.100, -125.208],
      [49.127, -125.250],
      [49.150, -125.289],
      [49.156, -125.300],
      [49.182, -125.350],
      [49.200, -125.389],
      [49.205, -125.400],
      [49.224, -125.450],
      [49.241, -125.500],
      [49.250, -125.531],
      [49.256, -125.550],
      [49.269, -125.600],
      [49.282, -125.650],
      [49.294, -125.700],
      [49.300, -125.731],
      [49.304, -125.750],
      [49.314, -125.800],
      [49.322, -125.850],
      [49.330, -125.900],
      [49.337, -125.950],
      [49.344, -126.000],
      [49.350, -126.038],
      [49.352, -126.050],
      [49.361, -126.100],
      [49.371, -126.150],
      [49.382, -126.200],
      [49.396, -126.250],
      [49.400, -126.263],
      [49.412, -126.300],
      [49.432, -126.350],
      [49.450, -126.392],
      [49.454, -126.400],
      [49.480, -126.450],
      [49.500, -126.487],
      [49.508, -126.500],
      [49.540, -126.550],
      [49.550, -126.565],
      [49.575, -126.600],
      [49.600, -126.635],
      [49.611, -126.650],
      [49.648, -126.700],
      [49.650, -126.703],
      [49.685, -126.750],
      [49.700, -126.769],
      [49.724, -126.800],
      [49.750, -126.828],
      [49.770, -126.850],
      [49.800, -126.875],
      [49.834, -126.900],
      [49.850, -126.909],
      [49.900, -126.929],
      [49.950, -126.940],
      [50.000, -126.941],
      [50.050, -126.929],
      [50.100, -126.907],
      [50.113, -126.900],
      [50.140, -126.850],
      [50.133, -126.800],
      [50.104, -126.750],
      [50.100, -126.744],
      [50.067, -126.700],
      [50.050, -126.678],
      [50.023, -126.650],
      [50.000, -126.616],
      [49.989, -126.600],
      [49.978, -126.550],
      [49.986, -126.500],
      [50.000, -126.477],
      [50.013, -126.450],
      [50.050, -126.415],
      [50.072, -126.400],
      [50.100, -126.385],
      [50.150, -126.383],
      [50.188, -126.400],
      [50.200, -126.409],
      [50.226, -126.450],
      [50.243, -126.500],
      [50.250, -126.518],
      [50.266, -126.550],
      [50.300, -126.580],
      [50.314, -126.600],
      [50.331, -126.650],
      [50.340, -126.700],
      [50.342, -126.750],
      [50.336, -126.800],
      [50.328, -126.850],
      [50.326, -126.900],
      [50.340, -126.950],
      [50.350, -126.968],
      [50.365, -127.000],
      [50.396, -127.050],
      [50.400, -127.057],
      [50.427, -127.100],
      [50.450, -127.137],
      [50.458, -127.150]
    ]
  }
},
{
  "type" : "Feature",
  "properties" : {
    "name" : "40 m Contour",
    "style" : {
      "color" : "yellow",
      "weight" : 2,
      "opacity" : 0.35
    }
  },
  "geometry" : {
    "type" : "LineString",
    "coordinates" : [
      [39.750, -122.766],
      [39.800, -122.768],
      [39.850, -122.769],
      [39.900, -122.771],
      [39.950, -122.774],
      [40.000, -122.776],
      [40.050, -122.779],
      [40.100, -122.782],
      [40.150, -122.785],
      [40.200, -122.788],
      [40.250, -122.792],
      [40.300, -122.796],
      [40.344, -122.800],
      [40.350, -122.800],
      [40.400, -122.805],
      [40.450, -122.809],
      [40.500, -122.814],
      [40.550, -122.818],
      [40.600, -122.823],
      [40.650, -122.827],
      [40.700, -122.831],
      [40.750, -122.834],
      [40.800, -122.838],
      [40.850, -122.840],
      [40.900, -122.843],
      [40.950, -122.846],
      [41.000, -122.848],
      [41.041, -122.850],
      [41.050, -122.850],
      [41.100, -122.853],
      [41.150, -122.855],
      [41.200, -122.858],
      [41.250, -122.860],
      [41.300, -122.863],
      [41.350, -122.867],
      [41.400, -122.870],
      [41.450, -122.874],
      [41.500, -122.878],
      [41.550, -122.883],
      [41.600, -122.888],
      [41.650, -122.893],
      [41.700, -122.899],
      [41.704, -122.900],
      [41.750, -122.906],
      [41.800, -122.913],
      [41.850, -122.921],
      [41.900, -122.929],
      [41.950, -122.939],
      [42.000, -122.948],
      [42.009, -122.950],
      [42.050, -122.959],
      [42.100, -122.970],
      [42.150, -122.982],
      [42.200, -122.994],
      [42.222, -123.000],
      [42.250, -123.008],
      [42.300, -123.022],
      [42.350, -123.037],
      [42.388, -123.050],
      [42.400, -123.054],
      [42.450, -123.073],
      [42.500, -123.093],
      [42.515, -123.100],
      [42.550, -123.116],
      [42.600, -123.141],
      [42.616, -123.150],
      [42.650, -123.168],
      [42.700, -123.195],
      [42.709, -123.200],
      [42.750, -123.221],
      [42.800, -123.246],
      [42.810, -123.250],
      [42.850, -123.267],
      [42.900, -123.286],
      [42.946, -123.300],
      [42.950, -123.301],
      [43.000, -123.313],
      [43.050, -123.321],
      [43.100, -123.325],
      [43.150, -123.324],
      [43.200, -123.321],
      [43.250, -123.316],
      [43.300, -123.310],
      [43.350, -123.305],
      [43.400, -123.300],
      [43.405, -123.300],
      [43.450, -123.296],
      [43.500, -123.293],
      [43.550, -123.291],
      [43.600, -123.289],
      [43.650, -123.288],
      [43.700, -123.287],
      [43.750, -123.286],
      [43.800, -123.285],
      [43.850, -123.284],
      [43.900, -123.283],
      [43.950, -123.281],
      [44.000, -123.277],
      [44.050, -123.273],
      [44.100, -123.268],
      [44.150, -123.264],
      [44.200, -123.260],
      [44.250, -123.257],
      [44.300, -123.255],
      [44.350, -123.255],
      [44.400, -123.258],
      [44.450, -123.262],
      [44.500, -123.262],
      [44.550, -123.266],
      [44.600, -123.272],
      [44.650, -123.281],
      [44.700, -123.289],
      [44.750, -123.288],
      [44.800, -123.281],
      [44.850, -123.270],
      [44.900, -123.257],
      [44.922, -123.250],
      [44.950, -123.241],
      [45.000, -123.222],
      [45.050, -123.203],
      [45.056, -123.200],
      [45.100, -123.181],
      [45.150, -123.158],
      [45.167, -123.150],
      [45.200, -123.134],
      [45.250, -123.109],
      [45.269, -123.100],
      [45.300, -123.084],
      [45.350, -123.059],
      [45.367, -123.050],
      [45.400, -123.033],
      [45.450, -123.007],
      [45.464, -123.000],
      [45.500, -122.981],
      [45.550, -122.956],
      [45.561, -122.950],
      [45.600, -122.930],
      [45.650, -122.905],
      [45.660, -122.900],
      [45.700, -122.880],
      [45.750, -122.856],
      [45.762, -122.850],
      [45.800, -122.832],
      [45.850, -122.809],
      [45.870, -122.800],
      [45.900, -122.787],
      [45.950, -122.765],
      [45.986, -122.750],
      [46.000, -122.744],
      [46.050, -122.724],
      [46.100, -122.705],
      [46.115, -122.700],
      [46.150, -122.687],
      [46.200, -122.670],
      [46.250, -122.654],
      [46.263, -122.650],
      [46.300, -122.639],
      [46.350, -122.624],
      [46.400, -122.611],
      [46.444, -122.600],
      [46.450, -122.598],
      [46.500, -122.587],
      [46.550, -122.576],
      [46.600, -122.566],
      [46.650, -122.556],
      [46.686, -122.550],
      [46.700, -122.548],
      [46.750, -122.540],
      [46.800, -122.532],
      [46.850, -122.525],
      [46.900, -122.519],
      [46.950, -122.514],
      [47.000, -122.508],
      [47.050, -122.504],
      [47.100, -122.500],
      [47.102, -122.500],
      [47.150, -122.497],
      [47.200, -122.494],
      [47.250, -122.492],
      [47.300, -122.491],
      [47.350, -122.491],
      [47.400, -122.490],
      [47.450, -122.490],
      [47.500, -122.491],
      [47.550, -122.491],
      [47.600, -122.491],
      [47.650, -122.492],
      [47.700, -122.494],
      [47.750, -122.497],
      [47.779, -122.500],
      [47.800, -122.502],
      [47.850, -122.510],
      [47.900, -122.520],
      [47.950, -122.533],
      [48.000, -122.550],
      [48.000, -122.550],
      [48.050, -122.570],
      [48.100, -122.592],
      [48.115, -122.600],
      [48.150, -122.617],
      [48.200, -122.643],
      [48.214, -122.650],
      [48.250, -122.668],
      [48.300, -122.690],
      [48.327, -122.700],
      [48.350, -122.709],
      [48.400, -122.722],
      [48.450, -122.730],
      [48.500, -122.732],
      [48.550, -122.734],
      [48.599, -122.750],
      [48.600, -122.751],
      [48.610, -122.800],
      [48.607, -122.850],
      [48.601, -122.900],
      [48.600, -122.906],
      [48.591, -122.950],
      [48.582, -123.000],
      [48.575, -123.050],
      [48.571, -123.100],
      [48.572, -123.150],
      [48.579, -123.200],
      [48.594, -123.250],
      [48.600, -123.264],
      [48.650, -123.299],
      [48.654, -123.300],
      [48.700, -123.306],
      [48.750, -123.313],
      [48.800, -123.329],
      [48.839, -123.350],
      [48.850, -123.358],
      [48.895, -123.400],
      [48.900, -123.408],
      [48.927, -123.450],
      [48.948, -123.500],
      [48.950, -123.507],
      [48.962, -123.550],
      [48.972, -123.600],
      [48.980, -123.650],
      [48.986, -123.700],
      [48.991, -123.750],
      [48.996, -123.800],
      [49.000, -123.832],
      [49.002, -123.850],
      [49.009, -123.900],
      [49.016, -123.950],
      [49.024, -124.000],
      [49.033, -124.050],
      [49.044, -124.100],
      [49.050, -124.129],
      [49.055, -124.150],
      [49.067, -124.200],
      [49.079, -124.250],
      [49.091, -124.300],
      [49.100, -124.336],
      [49.104, -124.350],
      [49.117, -124.400],
      [49.130, -124.450],
      [49.146, -124.500],
      [49.150, -124.512],
      [49.165, -124.550],
      [49.191, -124.600],
      [49.200, -124.614],
      [49.225, -124.650],
      [49.250, -124.682],
      [49.265, -124.700],
      [49.300, -124.742],
      [49.307, -124.750],
      [49.349, -124.800],
      [49.350, -124.802],
      [49.389, -124.850],
      [49.400, -124.865],
      [49.428, -124.900],
      [49.450, -124.930],
      [49.466, -124.950],
      [49.500, -124.996],
      [49.503, -125.000],
      [49.541, -125.050],
      [49.550, -125.062],
      [49.579, -125.100],
      [49.600, -125.127],
      [49.619, -125.150],
      [49.650, -125.189],
      [49.660, -125.200],
      [49.700, -125.245],
      [49.704, -125.250],
      [49.750, -125.297],
      [49.754, -125.300],
      [49.800, -125.343],
      [49.807, -125.350],
      [49.850, -125.389],
      [49.862, -125.400],
      [49.900, -125.436],
      [49.913, -125.450],
      [49.950, -125.491],
      [49.957, -125.500],
      [49.996, -125.550],
      [50.000, -125.555],
      [50.031, -125.600],
      [50.050, -125.627],
      [50.065, -125.650],
      [50.098, -125.700],
      [50.100, -125.702],
      [50.130, -125.750],
      [50.150, -125.780],
      [50.161, -125.800],
      [50.190, -125.850],
      [50.200, -125.866],
      [50.216, -125.900],
      [50.239, -125.950],
      [50.250, -125.974],
      [50.260, -126.000],
      [50.279, -126.050],
      [50.300, -126.091],
      [50.305, -126.100],
      [50.345, -126.150],
      [50.350, -126.155],
      [50.400, -126.199],
      [50.401, -126.200],
      [50.450, -126.243],
      [50.458, -126.250],
      [50.500, -126.294],
      [50.506, -126.300],
      [50.543, -126.350],
      [50.550, -126.363],
      [50.572, -126.400],
      [50.596, -126.450],
      [50.600, -126.462],
      [50.615, -126.500]
    ]
  }
}];